position(x,y,z) diffuse(r,g,b) specular(r,g,b) atten(x,y,z,w) direction(x,y,z) param1(x,y,z) param2(x)


-1000 0 0 1.0 1.0 1.0 0.9 0.9 0.9 1 0.00001 0.000001 100000 0 0 1 2 0 0 1
1000 0 0 1.0 1.0 1.0 0.9 0.9 0.9 1 0.00001 0.000001 100000 0 0 -1 2 0 0 1

-1000 0 0 1.0 1.0 1.0 0.9 0.9 0.9 1 0.00001 0.000001 100000 1 0 0 2 0 0 1
1000 0 0 1.0 1.0 1.0 0.9 0.9 0.9 1 0.00001 0.000001 100000 -1 0 0 2 0 0 1

1000 1000 0 1.0 1.0 1.0 0.9 0.9 0.9 1 0.00001 0.000001 10000 0 1 0 2 0 0 1
1000 1000 0 1.0 1.0 1.0 0.9 0.9 0.9 1 0.00001 0.000001 100000 0 -1 0 2 0 0 1






end